1697565566593 0.50522 0
1697565602119 0.55784 1
1697565636884 0.5083 2
1697565671438 0.51395 3
1697565705902 0.6197 4
1697565741802 0.68427 5
1697565778410 0.56275 6
1697565814618 0.63811 7
1697565856589 0.5754 8
1697565892535 0.63102 9
1697565929820 0.70117 10
1697565966988 0.69194 11
1697566008660 0.73457 12
1697566050711 0.73604 13
1697566093258 0.75823 14
1697566133566 0.76146 15
1697566173995 0.72308 16
1697566213254 0.72705 17
1697566251791 0.71891 18
1697566293339 0.76768 19
1697566333451 0.76631 20
1697566371141 0.73277 21
1697566407891 0.70729 22
1697566444912 0.73073 23
1697566485495 0.73861 24
1697566558628 0.73338 25
1697566680976 0.76494 26
1697566804250 0.77462 27
1697566944669 0.74517 28
1697567070921 0.7366 29
1697567203670 0.79323 30
1697567341452 0.76536 31
1697567474117 0.77029 32
1697567603516 0.74459 33
1697567694750 0.75548 34
1697567735826 0.74873 35
1697567775706 0.78145 36
1697567813582 0.75997 37
1697567849982 0.72634 38
1697567886261 0.75736 39
1697567922730 0.75637 40
1697567957388 0.76335 41
1697567991612 0.77617 42
1697568025984 0.77219 43
1697568060498 0.76354 44
1697568094872 0.76825 45
1697568129194 0.75322 46
1697568163654 0.79483 47
1697568197911 0.75361 48
1697568232147 0.73039 49
1697568266584 0.74573 50
1697568300905 0.76437 51
1697568335179 0.78317 52
1697568369585 0.77423 53
1697568403927 0.75688 54
1697568438157 0.75826 55
1697568472393 0.72418 56
1697568506670 0.78006 57
1697568540796 0.7829 58
1697568575006 0.77212 59
1697568609311 0.7661 60
1697568643497 0.74152 61
1697568677671 0.76431 62
1697568711855 0.78374 63
1697568746269 0.78144 64
1697568780480 0.77098 65
1697568814792 0.78968 66
1697568849323 0.79737 67
1697568883537 0.77567 68
1697568917825 0.77786 69
1697568952058 0.78211 70
1697568986283 0.77758 71
1697569020592 0.7823 72
1697569054778 0.77223 73
1697569089093 0.77514 74
1697569123220 0.76888 75
1697569157484 0.78637 76
1697569191666 0.79351 77
1697569225967 0.77861 78
1697569260179 0.76739 79
1697569294404 0.78748 80
1697569328573 0.77641 81
1697569363038 0.77996 82
1697569397261 0.78538 83
1697569431402 0.78462 84
1697569465823 0.77059 85
1697569500008 0.77852 86
1697569534288 0.76898 87
1697569568629 0.76593 88
1697569602740 0.76727 89
1697569664388 0.7748 90
1697569700390 0.79376 91
1697569734180 0.78702 92
1697569767934 0.78679 93
1697569801662 0.78521 94
1697569835960 0.77983 95
1697569869854 0.77597 96
1697569903770 0.78086 97
1697569937697 0.78452 98
1697569971586 0.78125 99
1697569977911 0.7846372930074705 99
