1697565566593 0.23884 0
1697565602119 0.2466 1
1697565636884 0.24427 2
1697565671438 0.29094 3
1697565705902 0.37477 4
1697565741802 0.36517 5
1697565778410 0.33616 6
1697565814618 0.32956 7
1697565856589 0.34427 8
1697565892535 0.39437 9
1697565929820 0.40358 10
1697565966988 0.42066 11
1697566008660 0.4531 12
1697566050711 0.46063 13
1697566093258 0.46097 14
1697566133566 0.46783 15
1697566173995 0.46182 16
1697566213254 0.46584 17
1697566251791 0.45914 18
1697566293339 0.48067 19
1697566333451 0.48301 20
1697566371141 0.48395 21
1697566407891 0.4511 22
1697566444912 0.47811 23
1697566485495 0.4747 24
1697566558628 0.47548 25
1697566680976 0.49507 26
1697566804250 0.49814 27
1697566944669 0.48609 28
1697567070921 0.47289 29
1697567203670 0.51774 30
1697567341452 0.50494 31
1697567474117 0.51252 32
1697567603516 0.4985 33
1697567694750 0.489 34
1697567735826 0.49266 35
1697567775706 0.51085 36
1697567813582 0.50511 37
1697567849982 0.48288 38
1697567886261 0.50749 39
1697567922730 0.51445 40
1697567957388 0.5156 41
1697567991612 0.51533 42
1697568025984 0.51408 43
1697568060498 0.51945 44
1697568094872 0.5224 45
1697568129194 0.51357 46
1697568163654 0.53189 47
1697568197911 0.49224 48
1697568232147 0.50215 49
1697568266584 0.51342 50
1697568300905 0.51955 51
1697568335179 0.52471 52
1697568369585 0.52917 53
1697568403927 0.52287 54
1697568438157 0.50836 55
1697568472393 0.50368 56
1697568506670 0.52935 57
1697568540796 0.52648 58
1697568575006 0.52886 59
1697568609311 0.52754 60
1697568643497 0.51634 61
1697568677671 0.5258 62
1697568711855 0.52783 63
1697568746269 0.53657 64
1697568780480 0.53545 65
1697568814792 0.54389 66
1697568849323 0.54863 67
1697568883537 0.53435 68
1697568917825 0.53428 69
1697568952058 0.54137 70
1697568986283 0.53229 71
1697569020592 0.53857 72
1697569054778 0.53592 73
1697569089093 0.53494 74
1697569123220 0.53456 75
1697569157484 0.53548 76
1697569191666 0.54687 77
1697569225967 0.54266 78
1697569260179 0.53949 79
1697569294404 0.54087 80
1697569328573 0.54375 81
1697569363038 0.55073 82
1697569397261 0.54635 83
1697569431402 0.53943 84
1697569465823 0.53829 85
1697569500008 0.54584 86
1697569534288 0.534 87
1697569568629 0.5386 88
1697569602740 0.53807 89
1697569664388 0.54111 90
1697569700390 0.55407 91
1697569734180 0.55407 92
1697569767934 0.54916 93
1697569801662 0.55038 94
1697569835960 0.54739 95
1697569869854 0.55051 96
1697569903770 0.55264 97
1697569937697 0.55579 98
1697569971586 0.55563 99
1697569977911 0.5559563137814978 99
