1697565566593 0.611 0
1697565602119 0.64385 1
1697565636884 0.5666 2
1697565671438 0.53207 3
1697565705902 0.73391 4
1697565741802 0.75257 5
1697565778410 0.66232 6
1697565814618 0.71094 7
1697565856589 0.64866 8
1697565892535 0.73739 9
1697565929820 0.73121 10
1697565966988 0.73363 11
1697566008660 0.84321 12
1697566050711 0.81467 13
1697566093258 0.82456 14
1697566133566 0.83627 15
1697566173995 0.81691 16
1697566213254 0.7911 17
1697566251791 0.84154 18
1697566293339 0.82831 19
1697566333451 0.83923 20
1697566371141 0.76805 21
1697566407891 0.75228 22
1697566444912 0.81761 23
1697566485495 0.81071 24
1697566558628 0.80483 25
1697566680976 0.81418 26
1697566804250 0.82464 27
1697566944669 0.84627 28
1697567070921 0.81892 29
1697567203670 0.87741 30
1697567341452 0.85321 31
1697567474117 0.81035 32
1697567603516 0.79994 33
1697567694750 0.80787 34
1697567735826 0.80872 35
1697567775706 0.85477 36
1697567813582 0.81036 37
1697567849982 0.8239 38
1697567886261 0.80004 39
1697567922730 0.85201 40
1697567957388 0.82879 41
1697567991612 0.86315 42
1697568025984 0.82651 43
1697568060498 0.84146 44
1697568094872 0.83622 45
1697568129194 0.83589 46
1697568163654 0.86708 47
1697568197911 0.81925 48
1697568232147 0.81334 49
1697568266584 0.84041 50
1697568300905 0.85649 51
1697568335179 0.84241 52
1697568369585 0.84279 53
1697568403927 0.83264 54
1697568438157 0.87401 55
1697568472393 0.82485 56
1697568506670 0.86539 57
1697568540796 0.86614 58
1697568575006 0.83469 59
1697568609311 0.83847 60
1697568643497 0.83724 61
1697568677671 0.86291 62
1697568711855 0.87573 63
1697568746269 0.85903 64
1697568780480 0.87767 65
1697568814792 0.87671 66
1697568849323 0.86474 67
1697568883537 0.88846 68
1697568917825 0.86334 69
1697568952058 0.84215 70
1697568986283 0.83409 71
1697569020592 0.89785 72
1697569054778 0.88305 73
1697569089093 0.86742 74
1697569123220 0.84619 75
1697569157484 0.88432 76
1697569191666 0.87932 77
1697569225967 0.87967 78
1697569260179 0.86954 79
1697569294404 0.85012 80
1697569328573 0.88216 81
1697569363038 0.89198 82
1697569397261 0.85161 83
1697569431402 0.87082 84
1697569465823 0.87445 85
1697569500008 0.88035 86
1697569534288 0.87427 87
1697569568629 0.86966 88
1697569602740 0.84113 89
1697569664388 0.84632 90
1697569700390 0.85766 91
1697569734180 0.8645 92
1697569767934 0.87299 93
1697569801662 0.84652 94
1697569835960 0.86051 95
1697569869854 0.86548 96
1697569903770 0.8633 97
1697569937697 0.86775 98
1697569971586 0.83932 99
1697569977911 0.8677663733151776 99
