1697565566593 0.51535 0
1697565602119 0.55674 1
1697565636884 0.56475 2
1697565671438 0.54339 3
1697565705902 0.54132 4
1697565741802 0.61415 5
1697565778410 0.57276 6
1697565814618 0.58449 7
1697565856589 0.53271 8
1697565892535 0.5781 9
1697565929820 0.64619 10
1697565966988 0.6769 11
1697566008660 0.6462 12
1697566050711 0.67493 13
1697566093258 0.69292 14
1697566133566 0.69559 15
1697566173995 0.69292 16
1697566213254 0.67752 17
1697566251791 0.65941 18
1697566293339 0.68276 19
1697566333451 0.68625 20
1697566371141 0.66755 21
1697566407891 0.66088 22
1697566444912 0.68228 23
1697566485495 0.6576 24
1697566558628 0.70474 25
1697566680976 0.73709 26
1697566804250 0.71696 27
1697566944669 0.69826 28
1697567070921 0.68358 29
1697567203670 0.70628 30
1697567341452 0.69842 31
1697567474117 0.71429 32
1697567603516 0.67957 33
1697567694750 0.70895 34
1697567735826 0.70895 35
1697567775706 0.73082 36
1697567813582 0.7263 37
1697567849982 0.67557 38
1697567886261 0.70093 39
1697567922730 0.71696 40
1697567957388 0.70446 41
1697567991612 0.73298 42
1697568025984 0.71239 43
1697568060498 0.70156 44
1697568094872 0.71829 45
1697568129194 0.72363 46
1697568163654 0.73031 47
1697568197911 0.7201 48
1697568232147 0.70628 49
1697568266584 0.69159 50
1697568300905 0.73832 51
1697568335179 0.72799 52
1697568369585 0.73031 53
1697568403927 0.71696 54
1697568438157 0.69466 55
1697568472393 0.70628 56
1697568506670 0.73164 57
1697568540796 0.74232 58
1697568575006 0.73698 59
1697568609311 0.72768 60
1697568643497 0.69292 61
1697568677671 0.7143 62
1697568711855 0.73383 63
1697568746269 0.7223 64
1697568780480 0.71963 65
1697568814792 0.74056 66
1697568849323 0.74258 67
1697568883537 0.72363 68
1697568917825 0.72497 69
1697568952058 0.74794 70
1697568986283 0.74499 71
1697569020592 0.72363 72
1697569054778 0.71162 73
1697569089093 0.7263 74
1697569123220 0.72363 75
1697569157484 0.74099 76
1697569191666 0.74099 77
1697569225967 0.72228 78
1697569260179 0.71562 79
1697569294404 0.73832 80
1697569328573 0.7296 81
1697569363038 0.70562 82
1697569397261 0.74323 83
1697569431402 0.72899 84
1697569465823 0.70628 85
1697569500008 0.73031 86
1697569534288 0.7223 87
1697569568629 0.7263 88
1697569602740 0.72808 89
1697569664388 0.73525 90
1697569700390 0.7562 91
1697569734180 0.75834 92
1697569767934 0.753 93
1697569801662 0.75434 94
1697569835960 0.74366 95
1697569869854 0.73871 96
1697569903770 0.73965 97
1697569937697 0.72712 98
1697569971586 0.76368 99
1697569977911 0.7272060110845158 99
