1697721268092 0.30709 0
1697721447496 0.31144 1
1697721624168 0.32412 2
1697721800329 0.30808 3
1697721976774 0.38113 4
1697722152991 0.35778 5
1697722329543 0.38687 6
1697722505158 0.39189 7
1697722679939 0.42667 8
1697722854350 0.42315 9
1697723028779 0.40953 10
1697723203549 0.42802 11
1697723378385 0.432 12
1697723553346 0.43568 13
1697723728086 0.44531 14
1697723903147 0.44547 15
1697724077816 0.4684 16
1697724252525 0.47236 17
1697724427195 0.44902 18
1697724602042 0.46354 19
1697724777063 0.47793 20
1697724951789 0.4742 21
1697725126632 0.47869 22
1697725301565 0.48654 23
1697725476649 0.48734 24
1697725651822 0.48751 25
1697725827101 0.49111 26
1697726002449 0.49557 27
1697726177414 0.49142 28
1697726352781 0.49822 29
1697726527401 0.49602 30
1697726702355 0.49895 31
1697726877611 0.50267 32
1697727052198 0.50284 33
1697727232134 0.50097 34
1697727407097 0.50354 35
1697727581656 0.50613 36
1697727756350 0.50652 37
1697727931123 0.50762 38
1697728105777 0.50578 39
1697728280483 0.50406 40
1697728455021 0.50384 41
1697728629722 0.50495 42
1697728804223 0.50368 43
1697728978762 0.5024 44
1697729153634 0.50412 45
1697729328296 0.50454 46
1697729502813 0.50421 47
1697729680725 0.50452 48
1697729855856 0.50392 49
1697730030682 0.5049 50
1697730205337 0.50529 51
1697730379925 0.50481 52
1697730554460 0.50444 53
1697730729026 0.50455 54
1697730903840 0.50474 55
1697731078340 0.50527 56
1697731252895 0.50589 57
1697731427428 0.50628 58
1697731602042 0.50636 59
1697731776570 0.50639 60
1697731951129 0.50696 61
1697732125837 0.50723 62
1697732300522 0.50837 63
1697732475603 0.50897 64
1697732650810 0.5099 65
1697732825701 0.51047 66
1697733000429 0.51063 67
1697733174969 0.51122 68
1697733349785 0.51168 69
1697733524392 0.51165 70
1697733699071 0.51184 71
1697733873692 0.51254 72
1697734048828 0.51352 73
1697734223850 0.51423 74
1697734398942 0.51498 75
1697734573790 0.51545 76
1697734749739 0.51487 77
1697734924573 0.51562 78
1697735099099 0.51551 79
1697735273609 0.51472 80
1697735448288 0.51561 81
1697735623090 0.51775 82
1697735797766 0.51736 83
1697735972506 0.51834 84
1697736147568 0.51832 85
1697736322295 0.51938 86
1697736496802 0.51848 87
1697736671573 0.51964 88
1697736846289 0.52008 89
1697737020825 0.51992 90
1697737195473 0.52086 91
1697737370446 0.52179 92
1697737545134 0.52281 93
1697737720096 0.52466 94
1697737894705 0.52398 95
1697738069613 0.52414 96
1697738244116 0.52403 97
1697738418615 0.52371 98
1697738593173 0.52414 99
1697738767774 0.52432 100
1697738942328 0.52454 101
1697739116904 0.52507 102
1697739291538 0.52618 103
1697739466211 0.52631 104
1697739640650 0.52608 105
1697739815560 0.52717 106
1697739990195 0.52673 107
1697740164707 0.52684 108
1697740339349 0.52738 109
1697740513913 0.52721 110
1697740688836 0.52699 111
1697740863474 0.5279 112
1697741038253 0.527 113
1697741213762 0.5273 114
1697741390785 0.52718 115
1697741565512 0.5282 116
1697741740340 0.5282 117
1697741914888 0.52792 118
1697742089404 0.52912 119
1697742264109 0.52906 120
1697742438829 0.52809 121
1697742613375 0.52852 122
1697742787775 0.52869 123
1697742962481 0.52813 124
1697743137012 0.52797 125
1697743311668 0.52788 126
1697743486350 0.52746 127
1697743660873 0.52712 128
1697743835485 0.5267 129
1697744010103 0.52601 130
1697744184721 0.5267 131
1697744359508 0.52661 132
1697744534037 0.52657 133
1697744708542 0.52668 134
1697744883171 0.52594 135
1697745057791 0.52604 136
1697745232440 0.52644 137
1697745407256 0.52613 138
1697745581690 0.52663 139
1697745796874 0.526 140
1697745969525 0.52635 141
1697746142066 0.52679 142
1697746314582 0.52685 143
1697746489025 0.52687 144
1697746662114 0.52708 145
1697746834941 0.52697 146
1697747009315 0.52721 147
1697747181852 0.52767 148
1697747354473 0.52821 149
1697747372104 0.5285863633642376 149
