1697721268092 0.61688 0
1697721447496 0.66426 1
1697721624168 0.63902 2
1697721800329 0.64999 3
1697721976774 0.70918 4
1697722152991 0.68239 5
1697722329543 0.71838 6
1697722505158 0.69404 7
1697722679939 0.74675 8
1697722854350 0.74334 9
1697723028779 0.72161 10
1697723203549 0.7529 11
1697723378385 0.74233 12
1697723553346 0.75787 13
1697723728086 0.74673 14
1697723903147 0.75597 15
1697724077816 0.76698 16
1697724252525 0.77015 17
1697724427195 0.75175 18
1697724602042 0.76466 19
1697724777063 0.77193 20
1697724951789 0.77507 21
1697725126632 0.78096 22
1697725301565 0.78458 23
1697725476649 0.78198 24
1697725651822 0.78272 25
1697725827101 0.78069 26
1697726002449 0.78435 27
1697726177414 0.78472 28
1697726352781 0.78614 29
1697726527401 0.78487 30
1697726702355 0.78938 31
1697726877611 0.79254 32
1697727052198 0.78953 33
1697727232134 0.78769 34
1697727407097 0.78948 35
1697727581656 0.7889 36
1697727756350 0.79093 37
1697727931123 0.78987 38
1697728105777 0.79162 39
1697728280483 0.79099 40
1697728455021 0.78818 41
1697728629722 0.78735 42
1697728804223 0.78728 43
1697728978762 0.78754 44
1697729153634 0.78761 45
1697729328296 0.78626 46
1697729502813 0.78728 47
1697729680725 0.78749 48
1697729855856 0.78967 49
1697730030682 0.79173 50
1697730205337 0.79009 51
1697730379925 0.79253 52
1697730554460 0.79063 53
1697730729026 0.79044 54
1697730903840 0.78831 55
1697731078340 0.78884 56
1697731252895 0.7886 57
1697731427428 0.78839 58
1697731602042 0.78869 59
1697731776570 0.78957 60
1697731951129 0.79282 61
1697732125837 0.79286 62
1697732300522 0.79224 63
1697732475603 0.79415 64
1697732650810 0.79468 65
1697732825701 0.79322 66
1697733000429 0.79458 67
1697733174969 0.79525 68
1697733349785 0.79513 69
1697733524392 0.79512 70
1697733699071 0.79614 71
1697733873692 0.79605 72
1697734048828 0.79696 73
1697734223850 0.79685 74
1697734398942 0.79702 75
1697734573790 0.79648 76
1697734749739 0.79634 77
1697734924573 0.79616 78
1697735099099 0.79585 79
1697735273609 0.79638 80
1697735448288 0.79835 81
1697735623090 0.79903 82
1697735797766 0.7985 83
1697735972506 0.79792 84
1697736147568 0.79854 85
1697736322295 0.80085 86
1697736496802 0.80088 87
1697736671573 0.80126 88
1697736846289 0.80117 89
1697737020825 0.80166 90
1697737195473 0.80218 91
1697737370446 0.80289 92
1697737545134 0.8042 93
1697737720096 0.8032 94
1697737894705 0.80299 95
1697738069613 0.8027 96
1697738244116 0.80181 97
1697738418615 0.80109 98
1697738593173 0.80135 99
1697738767774 0.80127 100
1697738942328 0.80081 101
1697739116904 0.80112 102
1697739291538 0.80315 103
1697739466211 0.80454 104
1697739640650 0.80195 105
1697739815560 0.80401 106
1697739990195 0.80378 107
1697740164707 0.8041 108
1697740339349 0.80386 109
1697740513913 0.80386 110
1697740688836 0.80373 111
1697740863474 0.80306 112
1697741038253 0.80112 113
1697741213762 0.80192 114
1697741390785 0.80225 115
1697741565512 0.80251 116
1697741740340 0.80183 117
1697741914888 0.80237 118
1697742089404 0.80481 119
1697742264109 0.8035 120
1697742438829 0.80287 121
1697742613375 0.80394 122
1697742787775 0.80302 123
1697742962481 0.80222 124
1697743137012 0.80248 125
1697743311668 0.80184 126
1697743486350 0.80166 127
1697743660873 0.80085 128
1697743835485 0.80155 129
1697744010103 0.8018 130
1697744184721 0.80051 131
1697744359508 0.80117 132
1697744534037 0.80086 133
1697744708542 0.80121 134
1697744883171 0.79948 135
1697745057791 0.79967 136
1697745232440 0.80031 137
1697745407256 0.80117 138
1697745581690 0.80145 139
1697745796874 0.80194 140
1697745969525 0.80187 141
1697746142066 0.80206 142
1697746314582 0.80186 143
1697746489025 0.80231 144
1697746662114 0.80253 145
1697746834941 0.80263 146
1697747009315 0.80086 147
1697747181852 0.80071 148
1697747354473 0.80254 149
1697747372104 0.8029369935071251 149
