1697721268092 0.69271 0
1697721447496 0.75293 1
1697721624168 0.72578 2
1697721800329 0.71138 3
1697721976774 0.7757 4
1697722152991 0.74933 5
1697722329543 0.79616 6
1697722505158 0.77821 7
1697722679939 0.8227 8
1697722854350 0.76752 9
1697723028779 0.79257 10
1697723203549 0.79171 11
1697723378385 0.80505 12
1697723553346 0.80522 13
1697723728086 0.83147 14
1697723903147 0.80449 15
1697724077816 0.80812 16
1697724252525 0.82791 17
1697724427195 0.84321 18
1697724602042 0.82871 19
1697724777063 0.84222 20
1697724951789 0.82988 21
1697725126632 0.82975 22
1697725301565 0.85106 23
1697725476649 0.83605 24
1697725651822 0.84468 25
1697725827101 0.85946 26
1697726002449 0.83585 27
1697726177414 0.84054 28
1697726352781 0.82845 29
1697726527401 0.85246 30
1697726702355 0.84832 31
1697726877611 0.84828 32
1697727052198 0.83153 33
1697727232134 0.83376 34
1697727407097 0.8359 35
1697727581656 0.8415 36
1697727756350 0.84364 37
1697727931123 0.85118 38
1697728105777 0.84826 39
1697728280483 0.84233 40
1697728455021 0.83539 41
1697728629722 0.83244 42
1697728804223 0.83824 43
1697728978762 0.83984 44
1697729153634 0.86056 45
1697729328296 0.85155 46
1697729502813 0.85807 47
1697729680725 0.85053 48
1697729855856 0.85304 49
1697730030682 0.85229 50
1697730205337 0.84709 51
1697730379925 0.84753 52
1697730554460 0.84878 53
1697730729026 0.84398 54
1697730903840 0.83939 55
1697731078340 0.8402 56
1697731252895 0.84048 57
1697731427428 0.83801 58
1697731602042 0.84288 59
1697731776570 0.84304 60
1697731951129 0.84445 61
1697732125837 0.84367 62
1697732300522 0.84892 63
1697732475603 0.85077 64
1697732650810 0.8455 65
1697732825701 0.83884 66
1697733000429 0.84775 67
1697733174969 0.84049 68
1697733349785 0.83665 69
1697733524392 0.83625 70
1697733699071 0.84361 71
1697733873692 0.84528 72
1697734048828 0.84404 73
1697734223850 0.84404 74
1697734398942 0.84426 75
1697734573790 0.84716 76
1697734749739 0.84778 77
1697734924573 0.84611 78
1697735099099 0.84642 79
1697735273609 0.8486 80
1697735448288 0.85028 81
1697735623090 0.85252 82
1697735797766 0.85328 83
1697735972506 0.85302 84
1697736147568 0.83805 85
1697736322295 0.83792 86
1697736496802 0.84832 87
1697736671573 0.84253 88
1697736846289 0.8432 89
1697737020825 0.84247 90
1697737195473 0.8457 91
1697737370446 0.84762 92
1697737545134 0.84733 93
1697737720096 0.84692 94
1697737894705 0.85204 95
1697738069613 0.85332 96
1697738244116 0.85515 97
1697738418615 0.85618 98
1697738593173 0.85641 99
1697738767774 0.85485 100
1697738942328 0.84436 101
1697739116904 0.84284 102
1697739291538 0.84844 103
1697739466211 0.85039 104
1697739640650 0.84931 105
1697739815560 0.85128 106
1697739990195 0.85267 107
1697740164707 0.85141 108
1697740339349 0.85292 109
1697740513913 0.85236 110
1697740688836 0.85286 111
1697740863474 0.85317 112
1697741038253 0.85385 113
1697741213762 0.85342 114
1697741390785 0.85352 115
1697741565512 0.8547 116
1697741740340 0.85571 117
1697741914888 0.85719 118
1697742089404 0.85864 119
1697742264109 0.86474 120
1697742438829 0.86463 121
1697742613375 0.86405 122
1697742787775 0.86602 123
1697742962481 0.868 124
1697743137012 0.86769 125
1697743311668 0.86841 126
1697743486350 0.86691 127
1697743660873 0.86691 128
1697743835485 0.86775 129
1697744010103 0.86814 130
1697744184721 0.86866 131
1697744359508 0.86812 132
1697744534037 0.87156 133
1697744708542 0.87178 134
1697744883171 0.86626 135
1697745057791 0.86904 136
1697745232440 0.86427 137
1697745407256 0.86354 138
1697745581690 0.8622 139
1697745796874 0.86143 140
1697745969525 0.86367 141
1697746142066 0.86687 142
1697746314582 0.86607 143
1697746489025 0.8686 144
1697746662114 0.86402 145
1697746834941 0.86675 146
1697747009315 0.86467 147
1697747181852 0.8645 148
1697747354473 0.86288 149
1697747372104 0.8566312071279961 149
