1697721268092 0.59862 0
1697721447496 0.63927 1
1697721624168 0.61803 2
1697721800329 0.64308 3
1697721976774 0.65874 4
1697722152991 0.66562 5
1697722329543 0.68234 6
1697722505158 0.67439 7
1697722679939 0.68573 8
1697722854350 0.71113 9
1697723028779 0.69631 10
1697723203549 0.71402 11
1697723378385 0.71886 12
1697723553346 0.7201 13
1697723728086 0.71509 14
1697723903147 0.71697 15
1697724077816 0.73075 16
1697724252525 0.71696 17
1697724427195 0.72073 18
1697724602042 0.72404 19
1697724777063 0.72531 20
1697724951789 0.74139 21
1697725126632 0.73854 22
1697725301565 0.73349 23
1697725476649 0.74703 24
1697725651822 0.74452 25
1697725827101 0.72374 26
1697726002449 0.73763 27
1697726177414 0.73933 28
1697726352781 0.74515 29
1697726527401 0.73085 30
1697726702355 0.73894 31
1697726877611 0.75078 32
1697727052198 0.75413 33
1697727232134 0.74118 34
1697727407097 0.74264 35
1697727581656 0.73575 36
1697727756350 0.74076 37
1697727931123 0.73421 38
1697728105777 0.73859 39
1697728280483 0.73932 40
1697728455021 0.74677 41
1697728629722 0.74658 42
1697728804223 0.74629 43
1697728978762 0.74389 44
1697729153634 0.72651 45
1697729328296 0.73388 46
1697729502813 0.73325 47
1697729680725 0.74014 48
1697729855856 0.73889 49
1697730030682 0.73889 50
1697730205337 0.73888 51
1697730379925 0.74139 52
1697730554460 0.7381 53
1697730729026 0.74452 54
1697730903840 0.74515 55
1697731078340 0.74737 56
1697731252895 0.74577 57
1697731427428 0.74506 58
1697731602042 0.74327 59
1697731776570 0.7464 60
1697731951129 0.74786 61
1697732125837 0.75016 62
1697732300522 0.74592 63
1697732475603 0.74613 64
1697732650810 0.74828 65
1697732825701 0.75612 66
1697733000429 0.74616 67
1697733174969 0.75892 68
1697733349785 0.7633 69
1697733524392 0.76331 70
1697733699071 0.75998 71
1697733873692 0.7608 72
1697734048828 0.76143 73
1697734223850 0.76143 74
1697734398942 0.76036 75
1697734573790 0.7583 76
1697734749739 0.75892 77
1697734924573 0.7608 78
1697735099099 0.76268 79
1697735273609 0.76143 80
1697735448288 0.75955 81
1697735623090 0.75767 82
1697735797766 0.75642 83
1697735972506 0.75588 84
1697736147568 0.76795 85
1697736322295 0.77043 86
1697736496802 0.76143 87
1697736671573 0.76518 88
1697736846289 0.76518 89
1697737020825 0.76354 90
1697737195473 0.76331 91
1697737370446 0.76278 92
1697737545134 0.76458 93
1697737720096 0.76331 94
1697737894705 0.76086 95
1697738069613 0.75773 96
1697738244116 0.75411 97
1697738418615 0.75454 98
1697738593173 0.75517 99
1697738767774 0.75579 100
1697738942328 0.76771 101
1697739116904 0.77019 102
1697739291538 0.76768 103
1697739466211 0.76769 104
1697739640650 0.76706 105
1697739815560 0.76832 106
1697739990195 0.76894 107
1697740164707 0.76782 108
1697740339349 0.76644 109
1697740513913 0.7664 110
1697740688836 0.7658 111
1697740863474 0.76407 112
1697741038253 0.75726 113
1697741213762 0.76197 114
1697741390785 0.76259 115
1697741565512 0.76268 116
1697741740340 0.76125 117
1697741914888 0.76297 118
1697742089404 0.76451 119
1697742264109 0.75662 120
1697742438829 0.75642 121
1697742613375 0.75892 122
1697742787775 0.75391 123
1697742962481 0.75266 124
1697743137012 0.75329 125
1697743311668 0.74765 126
1697743486350 0.7489 127
1697743660873 0.75048 128
1697743835485 0.75141 129
1697744010103 0.75266 130
1697744184721 0.75374 131
1697744359508 0.75642 132
1697744534037 0.75633 133
1697744708542 0.75642 134
1697744883171 0.75892 135
1697745057791 0.75627 136
1697745232440 0.76143 137
1697745407256 0.76205 138
1697745581690 0.76268 139
1697745796874 0.76331 140
1697745969525 0.76331 141
1697746142066 0.76244 142
1697746314582 0.76124 143
1697746489025 0.76143 144
1697746662114 0.76331 145
1697746834941 0.76165 146
1697747009315 0.76017 147
1697747181852 0.75767 148
1697747354473 0.76048 149
1697747372104 0.7645585472761428 149
